0 31 Province31 POLY_ID
1 15         1.06585119
1 19         3.66151926
1 9          4.3422931
1 10         5.15914636
1 16         6.47809835
1 27         8.10034008
1 24         8.20906676
1 17         8.36300569
1 18         8.43041544
1 21         9.15422389
1 7         9.53797439
1 22         10.1895331
1 4         10.7306236
1 11         11.4293934
1 26         12.4980657
1 29         13.3305556
1 28         13.5584836
1 5         13.8211923
1 3         15.3524591
1 12         15.5484864
1 13         15.6460501
1 8         16.6111761
1 31         18.3011994
1 6         18.7083583
1 2         20.7351842
1 23         21.6906651
1 20         25.7117835
1 30         25.9119914
1 25         32.9881721
1 14         37.7037843
2 6         5.77081296
2 28         8.16271491
2 26         8.26502577
2 13         8.73174312
2 12         9.68424111
2 22         10.5537606
2 30         12.0884783
2 21         12.3381218
2 29         12.6075734
2 23         12.8592707
2 8         13.1553354
2 16         14.4750561
2 25         14.5846477
2 18         15.0451944
2 24          15.861363
2 11         16.5978317
2 9         17.1645201
2 19         19.1135135
2 1         20.7351842
2 17          21.018548
2 15         21.1446119
2 10         21.2914791
2 4         21.3069963
2 7         21.3652699
2 20         22.0444933
2 3         22.7929368
2 14         22.9425692
2 27         24.3975959
2 5         30.9781866
2 31         34.8444762
3 4         4.63331279
3 7           5.872268
3 11          6.7086377
3 17           7.026079
3 27          9.3314119
3 18         10.2085023
3 29         10.2194706
3 8         10.3163222
3 10         10.3730413
3 5         12.2900425
3 9         12.7007236
3 21         13.2125679
3 31         14.3581309
3 23         14.4097472
3 15         14.4867093
3 28         15.2708745
3 1         15.3524591
3 16         16.5720692
3 22         16.6255695
3 6         17.5181977
3 26          17.878525
3 19         18.1581236
3 30         19.7516006
3 24         20.7628369
3 2         22.7929368
3 13         23.6511399
3 12         24.1934981
3 25           28.41332
3 14         28.8792134
3 20         37.7712071
4 7         1.26787415
4 17         2.39460792
4 3         4.63331279
4 11         4.87488331
4 27         5.36895193
4 10         5.74943755
4 18         6.89543922
4 9         8.39882563
4 29         9.04064617
4 15         9.85439789
4 21         10.0973617
4 5         10.3837449
4 8         10.6512533
4 1         10.7306236
4 16         12.5906442
4 28          13.243543
4 22          13.427995
4 19         13.6480764
4 31         13.7047762
4 26         15.0846933
4 23         15.6564411
4 24         16.6081753
4 6          16.710712
4 13         20.5783976
4 30         20.8821979
4 12         20.9887628
4 2         21.3069963
4 25         29.2893402
4 14         31.2398796
4 20         34.0126829
5 31          4.4800556
5 27         6.69880416
5 7         9.87517249
5 17         9.99933129
5 10         10.1920375
5 4         10.3837449
5 3         12.2900425
5 15         12.7945435
5 1         13.8211923
5 9         14.8518546
5 11         15.1762174
5 18         15.9359279
5 19         17.4703427
5 21         18.8390416
5 16         19.1662518
5 29         19.2820799
5 8         21.0239767
5 22         21.6259012
5 24         21.9520198
5 28         22.8187912
5 26         23.7260947
5 23         25.9271614
5 6         26.8649812
5 13         28.3955065
5 12         28.5338069
5 2         30.9781866
5 30         31.2093847
5 20         39.5292698
5 25         39.6668024
5 14         41.0881374
6 28         5.19464155
6 2         5.77081296
6 23         7.42349508
6 8         7.49905478
6 29         7.67626957
6 26         7.86893116
6 30          8.4453801
6 22         9.48753938
6 21         9.56506237
6 18         11.3820594
6 13         11.6858947
6 11         11.8427557
6 12         12.6516421
6 16          13.352052
6 25         14.2972651
6 9         14.5661087
6 24          16.179091
6 4          16.710712
6 17          16.901401
6 7         17.0098405
6 3         17.5181977
6 10         17.9264658
6 19         18.0995829
6 1         18.7083583
6 15         18.8398412
6 14         20.4318979
6 27         20.5795607
6 20         26.4756544
6 5         26.8649812
6 31         30.4146187
7 17         1.17571241
7 4         1.26787415
7 27         4.29752293
7 10         4.50085348
7 11         5.32789006
7 3           5.872268
7 18         6.57947155
7 9         7.48667717
7 15         8.63775312
7 29         9.40693936
7 1         9.53797439
7 21         9.75180877
7 5         9.87517249
7 8         11.3493254
7 16         11.8087516
7 19         12.5558989
7 22         12.9845976
7 28         13.2290901
7 31         13.4891713
7 26         14.7742456
7 24         15.7118262
7 23         16.4640645
7 6         17.0098405
7 13         20.1158144
7 12          20.474399
7 2         21.3652699
7 30         21.6205348
7 25         29.9286263
7 14         32.1959741
7 20         33.2442151
8 29         3.41064212
8 23         5.26114787
8 11         6.13497448
8 28         7.41331618
8 6         7.49905478
8 18         8.18398429
8 21         8.76895634
8 30         10.2739696
8 3         10.3163222
8 4         10.6512533
8 26         11.0615084
8 22         11.1416636
8 7         11.3493254
8 17         11.6725708
8 9         12.3292437
8 2         13.1553354
8 16         13.5866825
8 10         13.8533165
8 27         15.5054374
8 15         16.3115808
8 1         16.6111761
8 13         16.6470869
8 12         17.4585417
8 19         17.5252358
8 24         17.6257771
8 25         18.6430133
8 5         21.0239767
8 14         21.3303887
8 31         24.0546364
8 20         31.7475985
9 18         4.15651151
9 15         4.29008999
9 1          4.3422931
9 16         4.47366954
9 10         4.66332742
9 21         5.02981084
9 19         5.68900982
9 17         6.43303931
9 22         6.94596101
9 7         7.48667717
9 11         7.57634725
9 27         8.22414644
9 24         8.22605081
9 4         8.39882563
9 29         9.00930317
9 26         9.19619594
9 28         9.51666541
9 8         12.3292437
9 3         12.7007236
9 13         13.5444637
9 12         13.7086644
9 6         14.5661087
9 5         14.8518546
9 2         17.1645201
9 23           17.36219
9 31         19.1875219
9 30         21.5814572
9 20         25.8156135
9 25         28.7880059
9 14         33.3621674
10 17          3.3579008
10 27         3.57763933
10 15         4.19086665
10 7         4.50085348
10 9         4.66332742
10 1         5.15914636
10 4         5.74943755
10 18         6.54527041
10 11         7.87216927
10 19         8.49334098
10 21         8.95725795
10 16         9.05216884
10 5         10.1920375
10 3         10.3730413
10 29         11.0586059
10 22         11.4823519
10 24         12.3162274
10 28         13.2726238
10 26         13.6492934
10 8         13.8533165
10 31         14.5279036
10 6         17.9264658
10 13         18.2072897
10 12          18.366837
10 23         19.1141097
10 2         21.2914791
10 30         23.9167332
10 20         30.0642083
10 25         31.7516019
10 14         35.1672319
11 18         3.92286435
11 29         4.16783004
11 4         4.87488331
11 7         5.32789006
11 17         5.54461381
11 8         6.13497448
11 21         6.59962632
11 3          6.7086377
11 9         7.57634725
11 10         7.87216927
11 28         8.71885736
11 27         9.38252251
11 22         9.98558347
11 16         10.5356395
11 15         10.9056378
11 26         11.1699119
11 23         11.3623181
11 1         11.4293934
11 6         11.8427557
11 19         13.2487624
11 24          14.841907
11 5         15.1762174
11 30         16.3900441
11 2         16.5978317
11 13         16.9514158
11 12         17.5131428
11 31         18.5780761
11 25         24.6155556
11 14         27.3387144
11 20         31.2686762
12 13         0.98697387
12 26         6.53171488
12 22         7.59615885
12 24         8.10132127
12 16         9.39137088
12 2         9.68424111
12 28         10.0468119
12 21         11.0052455
12 19         12.6253848
12 6         12.6516421
12 9         13.7086644
12 18         14.1481139
12 20         14.2901239
12 29         15.0096536
12 1         15.5484864
12 15         16.3509459
12 8         17.4585417
12 11         17.5131428
12 10          18.366837
12 17         19.6557893
12 23         19.7645005
12 7          20.474399
12 30         20.8532684
12 4         20.9887628
12 27         21.9328048
12 3         24.1934981
12 25         24.2616832
12 5         28.5338069
12 14         32.3838787
12 31           32.89463
13 12         0.98697387
13 26         5.84885921
13 22         7.15040628
13 24         8.51376002
13 2         8.73174312
13 28         9.24957097
13 16          9.3451992
13 21         10.5232213
13 6         11.6858947
13 19         12.8815798
13 9         13.5444637
13 18         13.7017635
13 29         14.2935761
13 20          15.129008
13 1         15.6460501
13 15         16.4038152
13 8         16.6470869
13 11         16.9514158
13 10         18.2072897
13 23         18.8348632
13 17         19.3374161
13 30          19.869243
13 7         20.1158144
13 4         20.5783976
13 27         21.7549913
13 25         23.3151118
13 3         23.6511399
13 5         28.3955065
13 14         31.3989297
13 31         32.7213722
14 25         10.1604397
14 30         12.0788135
14 23         16.0895333
14 6         20.4318979
14 8         21.3303887
14 2         22.9425692
14 29         24.4158117
14 28         25.2425881
14 11         27.3387144
14 26         28.2989822
14 3         28.8792134
14 21         28.9211389
14 18         29.3360822
14 22         29.7669131
14 4         31.2398796
14 13         31.3989297
14 7         32.1959741
14 12         32.3838787
14 17         32.7409922
14 9         33.3621674
14 16         33.3892689
14 10         35.1672319
14 27         36.4855324
14 24          36.573348
14 15         37.5182874
14 1         37.7037843
14 19         37.9533404
14 5         41.0881374
14 31         43.1099178
14 20         44.6939171
15 1         1.06585119
15 10         4.19086665
15 9         4.29008999
15 19         4.71558958
15 27         7.03744136
15 16         7.12392676
15 17         7.46832889
15 18         8.18279262
15 7         8.63775312
15 24         9.18629195
15 21         9.27987952
15 4         9.85439789
15 22         10.6491034
15 11         10.9056378
15 5         12.7945435
15 26         12.9624891
15 29         13.1042799
15 28         13.7458966
15 3         14.4867093
15 8         16.3115808
15 12         16.3509459
15 13         16.4038152
15 31         17.2741648
15 6         18.8398412
15 2         21.1446119
15 23         21.4584888
15 30         25.8219446
15 20          26.750017
15 25         33.0766568
15 14         37.5182874
16 22         4.01225099
16 24         4.30886628
16 9         4.47366954
16 19         4.77776511
16 21         4.81899416
16 26         6.22015995
16 1         6.47809835
16 18         6.61323729
16 15         7.12392676
16 28         8.21764187
16 10         9.05216884
16 13          9.3451992
16 12         9.39137088
16 29         10.2181823
16 11         10.5356395
16 17          10.821516
16 7         11.8087516
16 4         12.5906442
16 27         12.6297808
16 6          13.352052
16 8         13.5866825
16 2         14.4750561
16 3         16.5720692
16 23         17.9700795
16 5         19.1662518
16 30         21.3289057
16 20         21.4370427
16 31         23.5586248
16 25         27.5549086
16 14         33.3892689
17 7         1.17571241
17 4         2.39460792
17 10          3.3579008
17 27         3.83876166
17 11         5.54461381
17 18         6.03669299
17 9         6.43303931
17 3           7.026079
17 15         7.46832889
17 1         8.36300569
17 21         9.12374074
17 29         9.42971108
17 5         9.99933129
17 16          10.821516
17 19         11.3960166
17 8         11.6725708
17 22          12.247606
17 28         12.8565558
17 31         13.8565451
17 26         14.1362578
17 24         14.6422365
17 23         16.8700396
17 6          16.901401
17 13         19.3374161
17 12         19.6557893
17 2          21.018548
17 30         21.9345476
17 25         30.1215266
17 20         32.2373238
17 14         32.7409922
18 21         3.20220104
18 11         3.92286435
18 9         4.15651151
18 29         4.92157213
18 17         6.03669299
18 10         6.54527041
18 22         6.55785602
18 7         6.57947155
18 16         6.61323729
18 4         6.89543922
18 28         6.89578886
18 15         8.18279262
18 8         8.18398429
18 26         8.20756138
18 1         8.43041544
18 27         9.37174107
18 19         9.60850495
18 3         10.2085023
18 24         10.9190428
18 6         11.3820594
18 23         13.2794618
18 13         13.7017635
18 12         14.1481139
18 2         15.0451944
18 5         15.9359279
18 30         17.7081857
18 31         19.8903801
18 25         25.2867942
18 20         27.5635689
18 14         29.3360822
19 1         3.66151926
19 15         4.71558958
19 24         4.77573606
19 16         4.77776511
19 9         5.68900982
19 10         8.49334098
19 22         8.77971019
19 21         9.05276074
19 18         9.60850495
19 26         10.9229027
19 17         11.3960166
19 27         11.6903093
19 7         12.5558989
19 12         12.6253848
19 13         12.8815798
19 28         12.9310926
19 11         13.2487624
19 4         13.6480764
19 29         14.1178474
19 5         17.4703427
19 8         17.5252358
19 6         18.0995829
19 3         18.1581236
19 2         19.1135135
19 31         21.9493098
19 20         22.0589342
19 23         22.2650079
19 30         25.9367188
19 25         32.3284433
19 14         37.9533404
20 12         14.2901239
20 13          15.129008
20 24         17.7488271
20 26          20.751044
20 22         21.3405754
20 16         21.4370427
20 2         22.0444933
20 19         22.0589342
20 28         24.3346135
20 21         24.6737897
20 1         25.7117835
20 9         25.8156135
20 6         26.4756544
20 15          26.750017
20 18         27.5635689
20 29         29.2022726
20 10         30.0642083
20 11         31.2686762
20 8         31.7475985
20 17         32.2373238
20 7         33.2442151
20 27           33.53189
20 23         33.8184835
20 4         34.0126829
20 30          34.100582
20 25         35.3315332
20 3         37.7712071
20 5         39.5292698
20 31         44.0081632
20 14         44.6939171
21 18         3.20220104
21 22         3.41520356
21 28         4.48839705
21 16         4.81899416
21 26         5.02335977
21 9         5.02981084
21 29         5.41770939
21 11         6.59962632
21 8         8.76895634
21 24         8.92240507
21 10         8.95725795
21 19         9.05276074
21 17         9.12374074
21 1         9.15422389
21 15         9.27987952
21 6         9.56506237
21 7         9.75180877
21 4         10.0973617
21 13         10.5232213
21 12         11.0052455
21 27         12.1696807
21 2         12.3381218
21 3         13.2125679
21 23         13.2435192
21 30         16.9503485
21 5         18.8390416
21 31         22.9170986
21 25          23.834216
21 20         24.6737897
21 14         28.9211389
22 26         2.31370346
22 21         3.41520356
22 16         4.01225099
22 28         4.55001093
22 18         6.55785602
22 24         6.87048193
22 9         6.94596101
22 13         7.15040628
22 12         7.59615885
22 29         8.10172087
22 19         8.77971019
22 6         9.48753938
22 11         9.98558347
22 1         10.1895331
22 2         10.5537606
22 15         10.6491034
22 8         11.1416636
22 10         11.4823519
22 17          12.247606
22 7         12.9845976
22 4          13.427995
22 23         14.8486984
22 27         14.9295562
22 3         16.6255695
22 30         17.6892336
22 20         21.3405754
22 5         21.6259012
22 25         23.5904182
22 31         25.8455926
22 14         29.7669131
23 8         5.26114787
23 30         5.34698314
23 6         7.42349508
23 29         8.36167959
23 28         10.4158101
23 11         11.3623181
23 2         12.8592707
23 21         13.2435192
23 18         13.2794618
23 25         14.0049073
23 26         14.0423915
23 3         14.4097472
23 22         14.8486984
23 4         15.6564411
23 14         16.0895333
23 7         16.4640645
23 17         16.8700396
23 9           17.36219
23 16         17.9700795
23 13         18.8348632
23 10         19.1141097
23 12         19.7645005
23 27         20.6855237
23 15         21.4584888
23 24          21.675711
23 1         21.6906651
23 19         22.2650079
23 5         25.9271614
23 31         28.6467821
23 20         33.8184835
24 16         4.30886628
24 19         4.77573606
24 22         6.87048193
24 12         8.10132127
24 1         8.20906676
24 9         8.22605081
24 26         8.34326648
24 13         8.51376002
24 21         8.92240507
24 15         9.18629195
24 18         10.9190428
24 28         11.4165465
24 10         12.3162274
24 29         14.3292497
24 17         14.6422365
24 11          14.841907
24 7         15.7118262
24 27         15.7917529
24 2          15.861363
24 6          16.179091
24 4         16.6081753
24 8         17.6257771
24 20         17.7488271
24 3         20.7628369
24 23          21.675711
24 5         21.9520198
24 30         24.5081955
24 31         26.4254758
24 25         29.9094284
24 14          36.573348
25 30         8.67949151
25 14         10.1604397
25 23         14.0049073
25 6         14.2972651
25 2         14.5846477
25 8         18.6430133
25 28         19.4878581
25 29         20.7634895
25 26         21.6483653
25 13         23.3151118
25 22         23.5904182
25 21          23.834216
25 12         24.2616832
25 11         24.6155556
25 18         25.2867942
25 16         27.5549086
25 3           28.41332
25 9         28.7880059
25 4         29.2893402
25 24         29.9094284
25 7         29.9286263
25 17         30.1215266
25 10         31.7516019
25 19         32.3284433
25 1         32.9881721
25 15         33.0766568
25 27         33.9495829
25 20         35.3315332
25 5         39.6668024
25 31         42.5937548
26 22         2.31370346
26 28         3.71815606
26 21         5.02335977
26 13         5.84885921
26 16         6.22015995
26 12         6.53171488
26 6         7.86893116
26 18         8.20756138
26 2         8.26502577
26 24         8.34326648
26 29          8.4791621
26 9         9.19619594
26 19         10.9229027
26 8         11.0615084
26 11         11.1699119
26 1         12.4980657
26 15         12.9624891
26 10         13.6492934
26 23         14.0423915
26 17         14.1362578
26 7         14.7742456
26 4         15.0846933
26 30         16.2749669
26 27         17.0292226
26 3          17.878525
26 20          20.751044
26 25         21.6483653
26 5         23.7260947
26 31         27.8786988
26 14         28.2989822
27 10         3.57763933
27 17         3.83876166
27 7         4.29752293
27 4         5.36895193
27 5         6.69880416
27 15         7.03744136
27 1         8.10034008
27 9         8.22414644
27 3          9.3314119
27 18         9.37174107
27 11         9.38252251
27 31         10.9666264
27 19         11.6903093
27 21         12.1696807
27 16         12.6297808
27 29          13.223517
27 22         14.9295562
27 8         15.5054374
27 24         15.7917529
27 28         16.2649415
27 26         17.0292226
27 6         20.5795607
27 23         20.6855237
27 13         21.7549913
27 12         21.9328048
27 2         24.3975959
27 30          25.771544
27 20           33.53189
27 25         33.9495829
27 14         36.4855324
28 26         3.71815606
28 21         4.48839705
28 22         4.55001093
28 6         5.19464155
28 29         5.23278586
28 18         6.89578886
28 8         7.41331618
28 2         8.16271491
28 16         8.21764187
28 11         8.71885736
28 13         9.24957097
28 9         9.51666541
28 12         10.0468119
28 23         10.4158101
28 24         11.4165465
28 17         12.8565558
28 19         12.9310926
28 30         13.1643501
28 7         13.2290901
28 4          13.243543
28 10         13.2726238
28 1         13.5584836
28 15         13.7458966
28 3         15.2708745
28 27         16.2649415
28 25         19.4878581
28 5         22.8187912
28 20         24.3346135
28 14         25.2425881
28 31         26.6922776
29 8         3.41064212
29 11         4.16783004
29 18         4.92157213
29 28         5.23278586
29 21         5.41770939
29 6         7.67626957
29 22         8.10172087
29 23         8.36167959
29 26          8.4791621
29 9         9.00930317
29 4         9.04064617
29 7         9.40693936
29 17         9.42971108
29 16         10.2181823
29 3         10.2194706
29 10         11.0586059
29 2         12.6075734
29 30         12.8783557
29 15         13.1042799
29 27          13.223517
29 1         13.3305556
29 19         14.1178474
29 13         14.2935761
29 24         14.3292497
29 12         15.0096536
29 5         19.2820799
29 25         20.7634895
29 31         22.7451551
29 14         24.4158117
29 20         29.2022726
30 23         5.34698314
30 6          8.4453801
30 25         8.67949151
30 8         10.2739696
30 14         12.0788135
30 2         12.0884783
30 29         12.8783557
30 28         13.1643501
30 26         16.2749669
30 11         16.3900441
30 21         16.9503485
30 22         17.6892336
30 18         17.7081857
30 3         19.7516006
30 13          19.869243
30 12         20.8532684
30 4         20.8821979
30 16         21.3289057
30 9         21.5814572
30 7         21.6205348
30 17         21.9345476
30 10         23.9167332
30 24         24.5081955
30 27          25.771544
30 15         25.8219446
30 1         25.9119914
30 19         25.9367188
30 5         31.2093847
30 31         33.9901014
30 20          34.100582
31 5          4.4800556
31 27         10.9666264
31 7         13.4891713
31 4         13.7047762
31 17         13.8565451
31 3         14.3581309
31 10         14.5279036
31 15         17.2741648
31 1         18.3011994
31 11         18.5780761
31 9         19.1875219
31 18         19.8903801
31 19         21.9493098
31 29         22.7451551
31 21         22.9170986
31 16         23.5586248
31 8         24.0546364
31 22         25.8455926
31 24         26.4254758
31 28         26.6922776
31 26         27.8786988
31 23         28.6467821
31 6         30.4146187
31 13         32.7213722
31 12           32.89463
31 30         33.9901014
31 2         34.8444762
31 25         42.5937548
31 14         43.1099178
31 20         44.0081632
