0 31 Province31 POLY_ID
1 15         1.06585119
1 19         3.66151926
1 9          4.3422931
1 10         5.15914636
2 6         5.77081296
2 28         8.16271491
2 26         8.26502577
2 13         8.73174312
3 4         4.63331279
3 7           5.872268
3 11          6.7086377
3 17           7.026079
4 7         1.26787415
4 17         2.39460792
4 3         4.63331279
4 11         4.87488331
5 31          4.4800556
5 27         6.69880416
5 7         9.87517249
5 17         9.99933129
6 28         5.19464155
6 2         5.77081296
6 23         7.42349508
6 8         7.49905478
7 17         1.17571241
7 4         1.26787415
7 27         4.29752293
7 10         4.50085348
8 29         3.41064212
8 23         5.26114787
8 11         6.13497448
8 28         7.41331618
9 18         4.15651151
9 15         4.29008999
9 1          4.3422931
9 16         4.47366954
10 17          3.3579008
10 27         3.57763933
10 15         4.19086665
10 7         4.50085348
11 18         3.92286435
11 29         4.16783004
11 4         4.87488331
11 7         5.32789006
12 13         0.98697387
12 26         6.53171488
12 22         7.59615885
12 24         8.10132127
13 12         0.98697387
13 26         5.84885921
13 22         7.15040628
13 24         8.51376002
14 25         10.1604397
14 30         12.0788135
14 23         16.0895333
14 6         20.4318979
15 1         1.06585119
15 10         4.19086665
15 9         4.29008999
15 19         4.71558958
16 22         4.01225099
16 24         4.30886628
16 9         4.47366954
16 19         4.77776511
17 7         1.17571241
17 4         2.39460792
17 10          3.3579008
17 27         3.83876166
18 21         3.20220104
18 11         3.92286435
18 9         4.15651151
18 29         4.92157213
19 1         3.66151926
19 15         4.71558958
19 24         4.77573606
19 16         4.77776511
20 12         14.2901239
20 13          15.129008
20 24         17.7488271
20 26          20.751044
21 18         3.20220104
21 22         3.41520356
21 28         4.48839705
21 16         4.81899416
22 26         2.31370346
22 21         3.41520356
22 16         4.01225099
22 28         4.55001093
23 8         5.26114787
23 30         5.34698314
23 6         7.42349508
23 29         8.36167959
24 16         4.30886628
24 19         4.77573606
24 22         6.87048193
24 12         8.10132127
25 30         8.67949151
25 14         10.1604397
25 23         14.0049073
25 6         14.2972651
26 22         2.31370346
26 28         3.71815606
26 21         5.02335977
26 13         5.84885921
27 10         3.57763933
27 17         3.83876166
27 7         4.29752293
27 4         5.36895193
28 26         3.71815606
28 21         4.48839705
28 22         4.55001093
28 6         5.19464155
29 8         3.41064212
29 11         4.16783004
29 18         4.92157213
29 28         5.23278586
30 23         5.34698314
30 6          8.4453801
30 25         8.67949151
30 8         10.2739696
31 5          4.4800556
31 27         10.9666264
31 7         13.4891713
31 4         13.7047762
