0 31 Province31 MYID
9 10         1.06585119
9 11         3.66151926
9 12          4.3422931
9 15         5.15914636
9 14         6.47809835
9 6         8.10034008
9 13         8.20906676
9 3         8.36300569
9 16         8.43041544
9 17         9.15422389
9 2         9.53797439
9 18         10.1895331
9 1         10.7306236
9 4         11.4293934
9 24         12.4980657
9 27         13.3305556
9 22         13.5584836
9 7         13.8211923
9 5         15.3524591
9 19         15.5484864
9 20         15.6460501
9 30         16.6111761
9 8         18.3011994
9 23         18.7083583
9 25         20.7351842
9 28         21.6906651
9 21         25.7117835
9 29         25.9119914
9 26         32.9881721
9 31         37.7037843
25 23         5.77081296
25 22         8.16271491
25 24         8.26502577
25 20         8.73174312
25 19         9.68424111
25 18         10.5537606
25 29         12.0884783
25 17         12.3381218
25 27         12.6075734
25 28         12.8592707
25 30         13.1553354
25 14         14.4750561
25 26         14.5846477
25 16         15.0451944
25 13          15.861363
25 4         16.5978317
25 12         17.1645201
25 11         19.1135135
25 9         20.7351842
25 3          21.018548
25 10         21.1446119
25 15         21.2914791
25 1         21.3069963
25 2         21.3652699
25 21         22.0444933
25 5         22.7929368
25 31         22.9425692
25 6         24.3975959
25 7         30.9781866
25 8         34.8444762
5 1         4.63331279
5 2           5.872268
5 4          6.7086377
5 3           7.026079
5 6          9.3314119
5 16         10.2085023
5 27         10.2194706
5 30         10.3163222
5 15         10.3730413
5 7         12.2900425
5 12         12.7007236
5 17         13.2125679
5 8         14.3581309
5 28         14.4097472
5 10         14.4867093
5 22         15.2708745
5 9         15.3524591
5 14         16.5720692
5 18         16.6255695
5 23         17.5181977
5 24          17.878525
5 11         18.1581236
5 29         19.7516006
5 13         20.7628369
5 25         22.7929368
5 20         23.6511399
5 19         24.1934981
5 26           28.41332
5 31         28.8792134
5 21         37.7712071
1 2         1.26787415
1 3         2.39460792
1 5         4.63331279
1 4         4.87488331
1 6         5.36895193
1 15         5.74943755
1 16         6.89543922
1 12         8.39882563
1 27         9.04064617
1 10         9.85439789
1 17         10.0973617
1 7         10.3837449
1 30         10.6512533
1 9         10.7306236
1 14         12.5906442
1 22          13.243543
1 18          13.427995
1 11         13.6480764
1 8         13.7047762
1 24         15.0846933
1 28         15.6564411
1 13         16.6081753
1 23          16.710712
1 20         20.5783976
1 29         20.8821979
1 19         20.9887628
1 25         21.3069963
1 26         29.2893402
1 31         31.2398796
1 21         34.0126829
7 8          4.4800556
7 6         6.69880416
7 2         9.87517249
7 3         9.99933129
7 15         10.1920375
7 1         10.3837449
7 5         12.2900425
7 10         12.7945435
7 9         13.8211923
7 12         14.8518546
7 4         15.1762174
7 16         15.9359279
7 11         17.4703427
7 17         18.8390416
7 14         19.1662518
7 27         19.2820799
7 30         21.0239767
7 18         21.6259012
7 13         21.9520198
7 22         22.8187912
7 24         23.7260947
7 28         25.9271614
7 23         26.8649812
7 20         28.3955065
7 19         28.5338069
7 25         30.9781866
7 29         31.2093847
7 21         39.5292698
7 26         39.6668024
7 31         41.0881374
23 22         5.19464155
23 25         5.77081296
23 28         7.42349508
23 30         7.49905478
23 27         7.67626957
23 24         7.86893116
23 29          8.4453801
23 18         9.48753938
23 17         9.56506237
23 16         11.3820594
23 20         11.6858947
23 4         11.8427557
23 19         12.6516421
23 14          13.352052
23 26         14.2972651
23 12         14.5661087
23 13          16.179091
23 1          16.710712
23 3          16.901401
23 2         17.0098405
23 5         17.5181977
23 15         17.9264658
23 11         18.0995829
23 9         18.7083583
23 10         18.8398412
23 31         20.4318979
23 6         20.5795607
23 21         26.4756544
23 7         26.8649812
23 8         30.4146187
2 3         1.17571241
2 1         1.26787415
2 6         4.29752293
2 15         4.50085348
2 4         5.32789006
2 5           5.872268
2 16         6.57947155
2 12         7.48667717
2 10         8.63775312
2 27         9.40693936
2 9         9.53797439
2 17         9.75180877
2 7         9.87517249
2 30         11.3493254
2 14         11.8087516
2 11         12.5558989
2 18         12.9845976
2 22         13.2290901
2 8         13.4891713
2 24         14.7742456
2 13         15.7118262
2 28         16.4640645
2 23         17.0098405
2 20         20.1158144
2 19          20.474399
2 25         21.3652699
2 29         21.6205348
2 26         29.9286263
2 31         32.1959741
2 21         33.2442151
30 27         3.41064212
30 28         5.26114787
30 4         6.13497448
30 22         7.41331618
30 23         7.49905478
30 16         8.18398429
30 17         8.76895634
30 29         10.2739696
30 5         10.3163222
30 1         10.6512533
30 24         11.0615084
30 18         11.1416636
30 2         11.3493254
30 3         11.6725708
30 12         12.3292437
30 25         13.1553354
30 14         13.5866825
30 15         13.8533165
30 6         15.5054374
30 10         16.3115808
30 9         16.6111761
30 20         16.6470869
30 19         17.4585417
30 11         17.5252358
30 13         17.6257771
30 26         18.6430133
30 7         21.0239767
30 31         21.3303887
30 8         24.0546364
30 21         31.7475985
12 16         4.15651151
12 10         4.29008999
12 9          4.3422931
12 14         4.47366954
12 15         4.66332742
12 17         5.02981084
12 11         5.68900982
12 3         6.43303931
12 18         6.94596101
12 2         7.48667717
12 4         7.57634725
12 6         8.22414644
12 13         8.22605081
12 1         8.39882563
12 27         9.00930317
12 24         9.19619594
12 22         9.51666541
12 30         12.3292437
12 5         12.7007236
12 20         13.5444637
12 19         13.7086644
12 23         14.5661087
12 7         14.8518546
12 25         17.1645201
12 28           17.36219
12 8         19.1875219
12 29         21.5814572
12 21         25.8156135
12 26         28.7880059
12 31         33.3621674
15 3          3.3579008
15 6         3.57763933
15 10         4.19086665
15 2         4.50085348
15 12         4.66332742
15 9         5.15914636
15 1         5.74943755
15 16         6.54527041
15 4         7.87216927
15 11         8.49334098
15 17         8.95725795
15 14         9.05216884
15 7         10.1920375
15 5         10.3730413
15 27         11.0586059
15 18         11.4823519
15 13         12.3162274
15 22         13.2726238
15 24         13.6492934
15 30         13.8533165
15 8         14.5279036
15 23         17.9264658
15 20         18.2072897
15 19          18.366837
15 28         19.1141097
15 25         21.2914791
15 29         23.9167332
15 21         30.0642083
15 26         31.7516019
15 31         35.1672319
4 16         3.92286435
4 27         4.16783004
4 1         4.87488331
4 2         5.32789006
4 3         5.54461381
4 30         6.13497448
4 17         6.59962632
4 5          6.7086377
4 12         7.57634725
4 15         7.87216927
4 22         8.71885736
4 6         9.38252251
4 18         9.98558347
4 14         10.5356395
4 10         10.9056378
4 24         11.1699119
4 28         11.3623181
4 9         11.4293934
4 23         11.8427557
4 11         13.2487624
4 13          14.841907
4 7         15.1762174
4 29         16.3900441
4 25         16.5978317
4 20         16.9514158
4 19         17.5131428
4 8         18.5780761
4 26         24.6155556
4 31         27.3387144
4 21         31.2686762
19 20         0.98697387
19 24         6.53171488
19 18         7.59615885
19 13         8.10132127
19 14         9.39137088
19 25         9.68424111
19 22         10.0468119
19 17         11.0052455
19 11         12.6253848
19 23         12.6516421
19 12         13.7086644
19 16         14.1481139
19 21         14.2901239
19 27         15.0096536
19 9         15.5484864
19 10         16.3509459
19 30         17.4585417
19 4         17.5131428
19 15          18.366837
19 3         19.6557893
19 28         19.7645005
19 2          20.474399
19 29         20.8532684
19 1         20.9887628
19 6         21.9328048
19 5         24.1934981
19 26         24.2616832
19 7         28.5338069
19 31         32.3838787
19 8           32.89463
20 19         0.98697387
20 24         5.84885921
20 18         7.15040628
20 13         8.51376002
20 25         8.73174312
20 22         9.24957097
20 14          9.3451992
20 17         10.5232213
20 23         11.6858947
20 11         12.8815798
20 12         13.5444637
20 16         13.7017635
20 27         14.2935761
20 21          15.129008
20 9         15.6460501
20 10         16.4038152
20 30         16.6470869
20 4         16.9514158
20 15         18.2072897
20 28         18.8348632
20 3         19.3374161
20 29          19.869243
20 2         20.1158144
20 1         20.5783976
20 6         21.7549913
20 26         23.3151118
20 5         23.6511399
20 7         28.3955065
20 31         31.3989297
20 8         32.7213722
31 26         10.1604397
31 29         12.0788135
31 28         16.0895333
31 23         20.4318979
31 30         21.3303887
31 25         22.9425692
31 27         24.4158117
31 22         25.2425881
31 4         27.3387144
31 24         28.2989822
31 5         28.8792134
31 17         28.9211389
31 16         29.3360822
31 18         29.7669131
31 1         31.2398796
31 20         31.3989297
31 2         32.1959741
31 19         32.3838787
31 3         32.7409922
31 12         33.3621674
31 14         33.3892689
31 15         35.1672319
31 6         36.4855324
31 13          36.573348
31 10         37.5182874
31 9         37.7037843
31 11         37.9533404
31 7         41.0881374
31 8         43.1099178
31 21         44.6939171
10 9         1.06585119
10 15         4.19086665
10 12         4.29008999
10 11         4.71558958
10 6         7.03744136
10 14         7.12392676
10 3         7.46832889
10 16         8.18279262
10 2         8.63775312
10 13         9.18629195
10 17         9.27987952
10 1         9.85439789
10 18         10.6491034
10 4         10.9056378
10 7         12.7945435
10 24         12.9624891
10 27         13.1042799
10 22         13.7458966
10 5         14.4867093
10 30         16.3115808
10 19         16.3509459
10 20         16.4038152
10 8         17.2741648
10 23         18.8398412
10 25         21.1446119
10 28         21.4584888
10 29         25.8219446
10 21          26.750017
10 26         33.0766568
10 31         37.5182874
14 18         4.01225099
14 13         4.30886628
14 12         4.47366954
14 11         4.77776511
14 17         4.81899416
14 24         6.22015995
14 9         6.47809835
14 16         6.61323729
14 10         7.12392676
14 22         8.21764187
14 15         9.05216884
14 20          9.3451992
14 19         9.39137088
14 27         10.2181823
14 4         10.5356395
14 3          10.821516
14 2         11.8087516
14 1         12.5906442
14 6         12.6297808
14 23          13.352052
14 30         13.5866825
14 25         14.4750561
14 5         16.5720692
14 28         17.9700795
14 7         19.1662518
14 29         21.3289057
14 21         21.4370427
14 8         23.5586248
14 26         27.5549086
14 31         33.3892689
3 2         1.17571241
3 1         2.39460792
3 15          3.3579008
3 6         3.83876166
3 4         5.54461381
3 16         6.03669299
3 12         6.43303931
3 5           7.026079
3 10         7.46832889
3 9         8.36300569
3 17         9.12374074
3 27         9.42971108
3 7         9.99933129
3 14          10.821516
3 11         11.3960166
3 30         11.6725708
3 18          12.247606
3 22         12.8565558
3 8         13.8565451
3 24         14.1362578
3 13         14.6422365
3 28         16.8700396
3 23          16.901401
3 20         19.3374161
3 19         19.6557893
3 25          21.018548
3 29         21.9345476
3 26         30.1215266
3 21         32.2373238
3 31         32.7409922
16 17         3.20220104
16 4         3.92286435
16 12         4.15651151
16 27         4.92157213
16 3         6.03669299
16 15         6.54527041
16 18         6.55785602
16 2         6.57947155
16 14         6.61323729
16 1         6.89543922
16 22         6.89578886
16 10         8.18279262
16 30         8.18398429
16 24         8.20756138
16 9         8.43041544
16 6         9.37174107
16 11         9.60850495
16 5         10.2085023
16 13         10.9190428
16 23         11.3820594
16 28         13.2794618
16 20         13.7017635
16 19         14.1481139
16 25         15.0451944
16 7         15.9359279
16 29         17.7081857
16 8         19.8903801
16 26         25.2867942
16 21         27.5635689
16 31         29.3360822
11 9         3.66151926
11 10         4.71558958
11 13         4.77573606
11 14         4.77776511
11 12         5.68900982
11 15         8.49334098
11 18         8.77971019
11 17         9.05276074
11 16         9.60850495
11 24         10.9229027
11 3         11.3960166
11 6         11.6903093
11 2         12.5558989
11 19         12.6253848
11 20         12.8815798
11 22         12.9310926
11 4         13.2487624
11 1         13.6480764
11 27         14.1178474
11 7         17.4703427
11 30         17.5252358
11 23         18.0995829
11 5         18.1581236
11 25         19.1135135
11 8         21.9493098
11 21         22.0589342
11 28         22.2650079
11 29         25.9367188
11 26         32.3284433
11 31         37.9533404
21 19         14.2901239
21 20          15.129008
21 13         17.7488271
21 24          20.751044
21 18         21.3405754
21 14         21.4370427
21 25         22.0444933
21 11         22.0589342
21 22         24.3346135
21 17         24.6737897
21 9         25.7117835
21 12         25.8156135
21 23         26.4756544
21 10          26.750017
21 16         27.5635689
21 27         29.2022726
21 15         30.0642083
21 4         31.2686762
21 30         31.7475985
21 3         32.2373238
21 2         33.2442151
21 6           33.53189
21 28         33.8184835
21 1         34.0126829
21 29          34.100582
21 26         35.3315332
21 5         37.7712071
21 7         39.5292698
21 8         44.0081632
21 31         44.6939171
17 16         3.20220104
17 18         3.41520356
17 22         4.48839705
17 14         4.81899416
17 24         5.02335977
17 12         5.02981084
17 27         5.41770939
17 4         6.59962632
17 30         8.76895634
17 13         8.92240507
17 15         8.95725795
17 11         9.05276074
17 3         9.12374074
17 9         9.15422389
17 10         9.27987952
17 23         9.56506237
17 2         9.75180877
17 1         10.0973617
17 20         10.5232213
17 19         11.0052455
17 6         12.1696807
17 25         12.3381218
17 5         13.2125679
17 28         13.2435192
17 29         16.9503485
17 7         18.8390416
17 8         22.9170986
17 26          23.834216
17 21         24.6737897
17 31         28.9211389
18 24         2.31370346
18 17         3.41520356
18 14         4.01225099
18 22         4.55001093
18 16         6.55785602
18 13         6.87048193
18 12         6.94596101
18 20         7.15040628
18 19         7.59615885
18 27         8.10172087
18 11         8.77971019
18 23         9.48753938
18 4         9.98558347
18 9         10.1895331
18 25         10.5537606
18 10         10.6491034
18 30         11.1416636
18 15         11.4823519
18 3          12.247606
18 2         12.9845976
18 1          13.427995
18 28         14.8486984
18 6         14.9295562
18 5         16.6255695
18 29         17.6892336
18 21         21.3405754
18 7         21.6259012
18 26         23.5904182
18 8         25.8455926
18 31         29.7669131
28 30         5.26114787
28 29         5.34698314
28 23         7.42349508
28 27         8.36167959
28 22         10.4158101
28 4         11.3623181
28 25         12.8592707
28 17         13.2435192
28 16         13.2794618
28 26         14.0049073
28 24         14.0423915
28 5         14.4097472
28 18         14.8486984
28 1         15.6564411
28 31         16.0895333
28 2         16.4640645
28 3         16.8700396
28 12           17.36219
28 14         17.9700795
28 20         18.8348632
28 15         19.1141097
28 19         19.7645005
28 6         20.6855237
28 10         21.4584888
28 13          21.675711
28 9         21.6906651
28 11         22.2650079
28 7         25.9271614
28 8         28.6467821
28 21         33.8184835
13 14         4.30886628
13 11         4.77573606
13 18         6.87048193
13 19         8.10132127
13 9         8.20906676
13 12         8.22605081
13 24         8.34326648
13 20         8.51376002
13 17         8.92240507
13 10         9.18629195
13 16         10.9190428
13 22         11.4165465
13 15         12.3162274
13 27         14.3292497
13 3         14.6422365
13 4          14.841907
13 2         15.7118262
13 6         15.7917529
13 25          15.861363
13 23          16.179091
13 1         16.6081753
13 30         17.6257771
13 21         17.7488271
13 5         20.7628369
13 28          21.675711
13 7         21.9520198
13 29         24.5081955
13 8         26.4254758
13 26         29.9094284
13 31          36.573348
26 29         8.67949151
26 31         10.1604397
26 28         14.0049073
26 23         14.2972651
26 25         14.5846477
26 30         18.6430133
26 22         19.4878581
26 27         20.7634895
26 24         21.6483653
26 20         23.3151118
26 18         23.5904182
26 17          23.834216
26 19         24.2616832
26 4         24.6155556
26 16         25.2867942
26 14         27.5549086
26 5           28.41332
26 12         28.7880059
26 1         29.2893402
26 13         29.9094284
26 2         29.9286263
26 3         30.1215266
26 15         31.7516019
26 11         32.3284433
26 9         32.9881721
26 10         33.0766568
26 6         33.9495829
26 21         35.3315332
26 7         39.6668024
26 8         42.5937548
24 18         2.31370346
24 22         3.71815606
24 17         5.02335977
24 20         5.84885921
24 14         6.22015995
24 19         6.53171488
24 23         7.86893116
24 16         8.20756138
24 25         8.26502577
24 13         8.34326648
24 27          8.4791621
24 12         9.19619594
24 11         10.9229027
24 30         11.0615084
24 4         11.1699119
24 9         12.4980657
24 10         12.9624891
24 15         13.6492934
24 28         14.0423915
24 3         14.1362578
24 2         14.7742456
24 1         15.0846933
24 29         16.2749669
24 6         17.0292226
24 5          17.878525
24 21          20.751044
24 26         21.6483653
24 7         23.7260947
24 8         27.8786988
24 31         28.2989822
6 15         3.57763933
6 3         3.83876166
6 2         4.29752293
6 1         5.36895193
6 7         6.69880416
6 10         7.03744136
6 9         8.10034008
6 12         8.22414644
6 5          9.3314119
6 16         9.37174107
6 4         9.38252251
6 8         10.9666264
6 11         11.6903093
6 17         12.1696807
6 14         12.6297808
6 27          13.223517
6 18         14.9295562
6 30         15.5054374
6 13         15.7917529
6 22         16.2649415
6 24         17.0292226
6 23         20.5795607
6 28         20.6855237
6 20         21.7549913
6 19         21.9328048
6 25         24.3975959
6 29          25.771544
6 21           33.53189
6 26         33.9495829
6 31         36.4855324
22 24         3.71815606
22 17         4.48839705
22 18         4.55001093
22 23         5.19464155
22 27         5.23278586
22 16         6.89578886
22 30         7.41331618
22 25         8.16271491
22 14         8.21764187
22 4         8.71885736
22 20         9.24957097
22 12         9.51666541
22 19         10.0468119
22 28         10.4158101
22 13         11.4165465
22 3         12.8565558
22 11         12.9310926
22 29         13.1643501
22 2         13.2290901
22 1          13.243543
22 15         13.2726238
22 9         13.5584836
22 10         13.7458966
22 5         15.2708745
22 6         16.2649415
22 26         19.4878581
22 7         22.8187912
22 21         24.3346135
22 31         25.2425881
22 8         26.6922776
27 30         3.41064212
27 4         4.16783004
27 16         4.92157213
27 22         5.23278586
27 17         5.41770939
27 23         7.67626957
27 18         8.10172087
27 28         8.36167959
27 24          8.4791621
27 12         9.00930317
27 1         9.04064617
27 2         9.40693936
27 3         9.42971108
27 14         10.2181823
27 5         10.2194706
27 15         11.0586059
27 25         12.6075734
27 29         12.8783557
27 10         13.1042799
27 6          13.223517
27 9         13.3305556
27 11         14.1178474
27 20         14.2935761
27 13         14.3292497
27 19         15.0096536
27 7         19.2820799
27 26         20.7634895
27 8         22.7451551
27 31         24.4158117
27 21         29.2022726
29 28         5.34698314
29 23          8.4453801
29 26         8.67949151
29 30         10.2739696
29 31         12.0788135
29 25         12.0884783
29 27         12.8783557
29 22         13.1643501
29 24         16.2749669
29 4         16.3900441
29 17         16.9503485
29 18         17.6892336
29 16         17.7081857
29 5         19.7516006
29 20          19.869243
29 19         20.8532684
29 1         20.8821979
29 14         21.3289057
29 12         21.5814572
29 2         21.6205348
29 3         21.9345476
29 15         23.9167332
29 13         24.5081955
29 6          25.771544
29 10         25.8219446
29 9         25.9119914
29 11         25.9367188
29 7         31.2093847
29 8         33.9901014
29 21          34.100582
8 7          4.4800556
8 6         10.9666264
8 2         13.4891713
8 1         13.7047762
8 3         13.8565451
8 5         14.3581309
8 15         14.5279036
8 10         17.2741648
8 9         18.3011994
8 4         18.5780761
8 12         19.1875219
8 16         19.8903801
8 11         21.9493098
8 27         22.7451551
8 17         22.9170986
8 14         23.5586248
8 30         24.0546364
8 18         25.8455926
8 13         26.4254758
8 22         26.6922776
8 24         27.8786988
8 28         28.6467821
8 23         30.4146187
8 20         32.7213722
8 19           32.89463
8 29         33.9901014
8 25         34.8444762
8 26         42.5937548
8 31         43.1099178
8 21         44.0081632
